196
132
183
152
258
272
339
126
277
262
196
198
242
257
531
356
577
215
393
473
454
95
278
248
322
155
464
153
249
807
264
186
202
213
190
145
193
267
610
202
510
176
179
165
165
142
1218
134
430
327
1492
475
363
181
160
162
130
513
117
549
276
118
289
186
104
453
312
503
587
462
291
135
237
183
436
345
168
237
233
180
229
348
167
168
253
150
91
444
223
470
547
497
152
345
123
306
209
541
244
207
192
195
114
148
236
276
156
128
258
210
306
208
184
81
176
606
486
280
197
272
288
339
198
353
189
139
427
470
1100
126
635
277
262
280
262
257
309
198
204
366
306
236
242
272
136
949
257
402
171
440
157
127
531
178
231
377
201
356
143
644
675
356
689
577
424
98
240
137
133
215
84
456
393
473
192
343
454
279
604
169
316
178
112
278
326
220
254
113
95
168
248
392
450
207
250
259
300
322
155
899
240
152
130
269
464
763
255
153
160
184
262
333
500
345
249
186
127
509
807
453
218
164
585
169
264
624
88
186
237
146
272
223
202
139
301
213
244
190
202
200
411
284
389
351
193
145
267
267
206
122
689
368
243
290
488
538
114
469
192
401
202
163
610
703
705
481
278
242
701
488
798
176
179
1014
388
165
510
403
547
568
395
506
242
93
165
378
97
366
1218
142
388
371
493
306
430
134
101
265
212
485
191
327
488
192
678
352
196
111
1492
195
184
264
349
111
618
327
248
196
475
216
293
310
394
363
351
440
207
310
181
203
160
527
162
322
219
324
338
479
123
598
130
260
471
117
513
434
224
549
227
351
388
273
233
276
158
205
118
353
182
289
186
453
312
186
104
503
804
501
439
641
496
587
462
273
531
367
684
427
268
291
543
135
164
1101
237
458
296
168
428
436
213
163
137
272
192
345
148
203
233
998
276
209
180
237
197
404
144
348
178
229
168
167
253
281
162
150
197
157
91
236
223
602
497
547
190
312
470
376
439
195
281
183
123
345
741
149
114
228
230
702
392
387
172
306
334
433
1065
140
157
604
251
232
181
356
158
209
121
254
186
244
247
163
234
541
140
193
328
242
96
518
153
252
532
141
143
1141
290
164
358
183
268
246
117
107
248
97
173
245
201
208
196
155
145
237
181
363
134
110
159
182
156
224
207
92
151
182
241
156
232
185
160
135
192
148
103
165
106
236
124
240
463
188
321
290
150
748
195
190
190
76
122
126
183
171
187
154
127
433
247
114
148
253
298
105
116
157
134
320
390
498
481
93
171
262
158
225
496
453
236
301
163
171
194
431
321
789
213
98
220
210
496
156
276
315
159
145
1191
297
289
586
136
369
92
106
442
206
271
348
228
143
484
170
193
213
297
357
89
169
466
557
128
213
146
255
332
112
416
180
256
357
431
172
652
241
210
355
209
184
306
151
208
147
420
299
920
81
188
606
180
446
181
486
546
280
176
197
132
136
279
450
315
659
141
254
235
304
210
288
198
313
222
353
417
221
395
285
189
266
135
139
291
470
417
427
1025
167
327
400
392
362
1100
372
172
202
238
325
300
397
631
149
262
279
280
181
586
360
231
499
257
242
351
225
218
352
234
222
406
379
233
134
309
155
276
236
204
426
206
148
161
233
366
161
127
292
226
285
310
194
236
306
247
264
303
126
172
220
403
140
480
189
136
349
165
234
314
189
264
189
242
949
472
237
287
298
198
280
212
422
341
109
222
144
332
250
199
561
600
179
215
239
447
113
318
176
439
137
414
250
226
402
210
493
145
346
301
138
171
404
348
535
183
679
440
165
323
475
157
224
273
147
192
317
552
231
475
892
127
377
272
322
502
272
143
465
178
493
211
201
644
182
386
682
356
332
689
311
244
370
424
204
98
280
240
331
152
137
251
164
133
84
88
437
675
192
232
161
373
343
201
224
131
169
456
212
604
233
178
355
117
437
1513
279
216
469
653
316
191
115
178
186
319
202
780
244
112
101
223
252
140
377
194
220
254
326
438
133
201
113
168
177
172
150
450
346
392
224
306
225
207
244
265
264
271
300
311
174
222
259
250
197
160
281
899
152
220
200
240
196
305
183
242
325
763
368
115
130
269
178
189
166
195
306
267
375
132
517
255
88
160
184
229
199
262
333
202
127
219
500
345
186
531
437
514
137
261
199
160
646
170
144
127
282
358
481
382
453
509
477
447
419
133
225
218
183
172
164
356
533
236
139
381
265
221
495
585
260
421
223
366
620
169
373
469
88
487
229
328
505
146
237
567
272
223
336
301
139
259
417
240
204
253
200
206
173
180
212
229
269
327
221
142
518
87
202
411
156
284
306
178
182
776
160
452
170
240
203
276
560
389
351
267
709
206
306
362
277
186
122
258
441
364
185
689
539
253
194
118
318
167
234
243
316
269
324
136
290
358
290
140
262
220
194
135
166
156
422
227
488
288
176
538
230
319
333
240
480
148
412
195
484
114
167
202
143
192
469
1013
944
1312
408
221
500
163
486
219
202
401
268
458
286
198
985
178
705
481
703
711
761
444
519
1231
278
507
231
683
242
623
262
174
146
328
197
541
377
846
438
206
701
339
158
363
262
327
488
392
798
466
1014
398
388
360
334
770
402
891
397
568
314
295
547
258
463
1075
323
203
199
396
351
380
194
691
358
586
395
554
174
561
443
242
329
317
506
348
378
625
557
315
632
161
716
93
475
366
97
320
903
263
388
209
371
153
174
101
306
493
211
265
235
191
212
208
506
326
214
299
120
132
222
120
146
485
488
192
282
271
143
118
380
338
678
154
261
546
799
352
194
313
188
740
196
111
1066
521
195
238
717
262
156
184
202
111
264
150
295
1303
349
296
323
312
333
471
618
462
138
327
182
263
390
230
291
334
421
417
466
402
248
221
427
514
411
412
410
196
550
281
276
216
427
394
293
170
962
1232
356
462
207
218
440
310
572
188
253
271
113
285
310
134
351
763
366
162
482
362
228
322
203
448
527
322
206
211
97
249
202
324
219
123
182
338
515
598
320
384
479
196
115
458
232
260
305
279
112
357
342
424
120
198
746
471
280
434
403
392
386
221
392
452
434
374
363
437
194
227
781
224
132
277
212
274
258
558
351
109
388
273
212
233
158
99
312
205
403
238
169
116
461
425
697
197
694
182
353
186
213
236
127
199
134
173
439
804
107
183
592
365
386
271
184
496
641
273
810
195
292
305
292
501
104
181
359
495
1217
177
705
177
116
655
367
531
684
258
268
427
301
116
150
471
543
366
516
243
164
173
236
589
342
338
257
430
173
185
186
89
230
431
296
828
1101
280
163
233
266
446
690
207
458
204
158
464
428
276
114
158
138
326
112
137
163
272
196
257
266
121
213
163
192
216
180
203
148
135
133
260
201
177
94
244
276
275
209
112
301
927
164
214
185
113
246
144
241
998
358
171
404
197
372
897
372
178
281
162
127
149
335
163
244
932
157
198
297
130
197
106
178
254
210
190
288
195
265
236
376
312
602
155
161
205
227
155
131
183
129
274
168
741
114
199
149
190
250
113
171
132
458
228
448
187
442
417
230
142
519
172
178
702
207
236
392
433
468
443
172
393
329
334
433
184
400
236
387
129
440
594
733
155
285
138
140
157
429
429
320
497
358
499
604
241
747
232
843
268
209
1065
356
567
226
383
237
181
205
158
121
307
247
251
254
165
298
830
163
236
310
462
140
219
234
518
98
193
284
186
328
149
208
96
242
131
252
153
253
532
117
248
463
267
343
394
493
613
143
699
290
141
164
234
128
183
457
246
358
351
86
524
1141
170
117
260
268
183
250
244
107
248
97
479
246
747
234
424
196
103
223
173
201
245
653
443
208
576
299
237
606
181
309
145
155
363
109
226
363
237
196
229
472
500
317
428
182
260
188
241
182
224
156
506
303
525
185
135
151
211
232
274
156
354
330
232
159
470
92
160
704
110
188
205
134
170
103
174
155
353
165
624
148
218
167
211
240
201
236
124
597
463
218
188
120
917
321
557
170
96
128
150
162
195
76
301
190
122
171
748
126
190
642
183
290
187
493
348
154
508
810
276
108
138
317
194
127
243
142
209
335
433
306
253
247
262
106
633
225
160
369
157
397
298
116
279
697
134
320
105
332
405
385
565
171
390
284
277
287
273
162
498
352
327
196
481
334
172
423
152
158
363
230
327
219
262
234
360
225
224
163
239
291
496
301
453
320
286
517
122
327
441
136
84
194
730
431
321
333
463
171
182
399
705
127
213
315
880
261
205
220
392
210
789
190
647
380
174
98
283
235
789
175
332
225
315
212
159
262
234
136
496
235
381
145
743
297
289
180
455
136
144
149
140
174
92
260
273
448
586
143
174
369
155
218
466
135
484
338
340
106
226
221
1191
125
442
130
202
259
294
203
206
143
228
271
465
129
171
205
170
348
247
143
175
630
261
188
474
204
484
731
145
170
177
193
323
359
217
213
200
605
256
487
504
320
306
191
299
301
294
297
357
89
185
652
169
258
557
379
172
428
181
466
272
213
146
307
329
222
290
416
180
191
235
112
332
477
458
518
403
248
255
200
256
148
144
115
110
172
618
202
198
355
652
311
258
270
299
185
209
241
431
151
507
391
481
130
329
230
445
147
699
496
374
271
409
420
920
299
122
125
124
652
188
145
180
176
86
181
270
446
194
270
118
132
98
466
618
1346
255
113
90
293
132
97
141
546
279
267
136
145
334
192
119
1536
141
96
450
315
252
163
200
158
304
252
659
141
254
235
210
172
222
420
513
229
250
256
287
313
417
395
296
285
310
283
140
221
312
335
266
697
313
131
175
221
135
218
291
236
457
459
359
257
417
295
751
127
167
1025
216
327
400
362
128
392
309
172
372
114
360
197
170
201
165
238
325
538
229
381
378
133
300
205
397
202
218
379
150
151
183
202
278
216
244
149
269
181
224
632
392
330
279
581
331
180
231
360
499
222
192
185
313
201
242
309
597
277
249
186
224
351
225
330
218
315
402
352
436
505
153
96
247
213
198
296
234
411
314
102
312
119
282
222
345
194
130
426
379
434
310
239
247
220
406
256
338
250
129
359
250
233
376
288
295
134
309
183
276
382
155
972
206
1218
222
559
236
148
205
547
221
426
161
178
179
207
233
252
194
201
170
168
216
127
514
292
112
129
152
285
226
250
393
285
171
161
300
310
79
277
194
358
515
272
247
290
264
264
303
215
467
216
126
245
172
297
216
140
397
363
234
147
304
178
220
251
603
140
403
304
245
480
497
155
160
189
313
351
349
189
314
740
165
234
134
317
126
264
280
242
178
482
198
328
237
472
679
233
189
107
298
327
287
164
379
302
264
336
271
217
212
280
118
119
422
198
431
208
316
234
341
244
208
279
271
288
526
109
222
292
545
300
250
691
236
298
144
332
402
290
271
336
296
370
412
208
411
600
199
561
138
310
238
555
349
320
126
179
467
258
222
516
271
200
260
161
238
239
199
169
318
113
215
291
447
137
161
127
288
250
264
238
414
226
136
317
292
176
363
91
256
439
277
638
252
186
590
210
432
557
93
241
658
142
324
145
741
191
447
360
175
493
212
253
286
301
404
509
174
138
348
546
677
370
340
535
183
323
422
144
319
273
306
127
147
217
136
153
475
679
224
341
346
192
475
157
311
214
317
165
429
892
575
322
293
301
465
552
272
464
211
230
502
488
493
125
272
128
412
338
215
530
182
754
206
682
295
213
386
800
279
332
347
311
278
204
128
370
394
582
399
244
269
253
374
158
247
159
807
321
280
113
370
441
221
1712
405
197
251
394
152
331
323
88
501
281
607
164
181
767
224
185
352
437
465
93
158
530
131
290
531
161
373
201
439
230
486
187
146
636
117
119
355
162
155
233
186
222
417
135
212
262
237
224
1513
216
249
437
668
469
653
427
270
450
465
260
137
188
255
142
338
191
202
178
180
319
780
171
190
161
244
503
238
477
112
257
405
72
238
177
252
223
101
235
186
136
151
219
143
100
667
284
124
252
281
388
178
318
88
247
183
140
377
222
766
335
146
261
555
204
194
621
152
353
106
913
349
122
355
209
576
1276
133
598
311
122
177
201
102
304
297
407
282
230
248
172
742
232
349
230
276
207
180
346
245
225
306
161
217
224
191
244
135
214
283
156
150
118
438
203
264
265
271
261
197
311
374
221
222
459
184
377
174
328
197
239
215
328
185
160
674
423
200
220
281
317
225
361
245
174
174
251
279
196
321
305
158
175
768
166
216
183
306
242
201
120
126
204
211
243
162
321
115
258
225
413
485
443
305
199
99
368
178
166
267
189
85
195
780
121
201
186
306
128
171
220
241
226
375
144
239
132
140
413
517
170
427
130
385
229
432
383
388
242
336
218
129
279
252
199
88
117
205
377
143
280
202
190
290
127
351
219
531
437
549
137
514
191
230
159
558
138
464
323
166
127
167
199
533
188
646
151
261
93
97
160
212
193
134
170
169
144
94
145
481
144
358
197
382
481
282
186
210
477
160
233
385
419
447
225
133
144
459
88
227
172
201
193
184
161
201
515
128
138
279
197
216
513
381
139
276
236
183
88
343
287
221
174
201
533
359
243
228
495
163
105
135
265
498
315
180
220
167
228
421
115
238
200
366
260
163
195
223
134
383
512
165
176
373
470
164
469
154
408
483
229
328
505
293
426
553
217
184
636
563
476
252
281
249
745
314
577
336
273
259
417
589
475
573
147
204
186
431
228
253
217
268
206
180
347
173
208
282
212
222
212
269
392
213
327
171
229
221
209
232
295
142
305
203
157
308
272
119
292
291
227
579
220
459
518
176
191
93
287
398
156
176
246
170
306
443
270
178
191
321
182
329
160
550
776
452
158
170
399
151
342
244
240
267
181
734
276
224
203
207
660
128
375
255
233
171
316
325
314
314
560
322
99
709
207
251
310
306
228
152
282
427
344
362
219
316
226
236
202
277
183
189
186
362
279
177
426
217
185
204
130
138
151
247
543
218
244
517
268
297
394
258
130
586
287
441
298
185
404
268
346
253
586
539
251
346
118
106
487
194
318
175
316
136
131
430
193
135
215
167
234
269
636
442
136
292
290
219
281
339
358
324
430
162
261
256
250
220
498
140
194
270
262
390
162
135
133
137
195
214
311
264
166
422
416
156
282
322
259
288
176
236
232
227
227
230
153
663
354
330
564
240
333
325
230
297
480
319
235
310
334
191
148
222
497
412
422
167
484
133
285
102
201
143
652
169
1013
207
452
161
1312
1244
570
281
530
415
221
944
500
210
218
269
446
1612
259
382
486
291
1336
213
373
183
372
442
337
955
287
161
680
107
272
186
236
219
202
214
247
537
129
197
268
212
115
458
403
286
198
260
439
331
162
230
401
562
181
255
136
352
347
178
228
390
487
985
208
1111
332
178
385
285
244
246
316
455
350
307
615
240
543
160
397
273
256
366
711
216
761
276
230
362
277
232
221
519
101
444
530
1231
266
302
659
854
837
440
202
250
662
1061
507
266
231
334
314
230
477
286
432
224
683
1017
262
613
441
522
645
218
623
174
179
490
295
146
328
541
265
197
377
318
594
296
649
846
288
351
438
208
206
238
339
504
141
158
139
363
340
276
257
206
262
361
254
149
964
327
246
251
902
392
262
309
258
461
466
853
398
476
360
508
425
263
334
475
524
770
539
402
100
463
214
237
891
325
314
255
526
473
295
188
398
258
233
285
463
434
203
1075
199
323
489
140
396
367
415
363
335
351
314
399
735
187
201
548
322
380
194
291
374
216
165
559
243
630
347
218
358
216
691
319
219
586
258
438
186
212
262
554
451
676
174
646
561
191
323
388
443
1134
798
299
551
206
393
329
448
391
825
237
288
317
452
142
213
499
238
425
407
183
348
356
351
402
557
672
315
151
385
625
289
110
167
183
412
632
377
161
256
250
716
476
293
267
475
465
230
284
294
465
345
246
435
137
437
244
274
166
242
172
227
320
312
766
393
263
903
178
258
209
115
153
203
290
420
174
234
194
211
976
235
450
240
261
282
499
353
208
695
230
413
179
326
427
201
503
214
299
208
255
161
120
132
120
222
162
300
99
562
351
146
476
617
117
357
326
350
97
271
282
379
118
143
225
349
338
307
380
235
388
278
75
374
444
333
441
244
473
386
154
170
261
222
201
298
330
799
165
194
407
196
150
313
188
333
319
562
208
740
386
1677
100
334
491
387
1066
3405
216
521
237
771
351
1178
318
574
320
238
450
377
717
428
262
288
1112
156
202
261
168
306
553
869
271
103
105
400
295
347
150
255
208
471
1303
296
581
168
333
421
323
215
312
471
362
312
423
165
441
274
368
462
278
256
449
218
633
1013
188
290
138
214
121
566
866
182
317
219
2202
263
796
451
249
293
290
177
203
291
390
236
3179
761
334
229
251
176
250
95
261
433
398
300
765
230
613
106
432
421
428
466
217
417
240
257
411
973
344
163
342
402
239
160
413
125
427
505
250
221
356
300
147
774
514
685
315
412
411
289
385
641
410
550
525
276
380
281
125
427
100
304
170
899
715
480
309
208
396
962
663
344
182
350
356
675
231
1232
658
218
462
286
342
460
217
386
863
401
429
548
550
305
253
130
339
188
3243
416
179
669
433
420
368
463
158
271
189
369
285
335
113
181
375
212
271
389
760
111
236
471
318
328
134
366
344
245
125
238
353
445
750
162
763
1007
268
306
228
520
482
362
782
206
508
206
448
140
153
666
864
846
211
189
264
331
295
243
163
202
240
249
673
292
203
248
234
267
179
515
387
320
182
384
428
163
107
387
243
196
545
583
95
371
124
405
458
574
278
115
167
180
203
98
119
232
279
128
305
112
1115
424
832
218
197
295
452
321
386
520
342
357
239
232
215
173
403
117
120
374
142
381
172
198
514
240
280
133
746
389
145
312
172
196
434
163
215
117
285
519
215
625
210
328
211
403
510
312
158
287
440
305
392
646
477
376
386
269
210
221
197
392
273
374
363
275
452
374
192
366
291
183
437
258
177
313
485
194
232
566
326
710
388
201
196
282
167
169
327
193
209
166
253
442
375
216
253
196
178
288
235
463
167
781
139
208
335
382
212
199
659
353
277
449
393
274
421
92
360
298
217
558
258
338
132
109
194
159
212
99
209
312
188
238
403
199
238
169
461
335
116
227
169
167
285
271
521
183
154
221
425
204
697
284
307
255
694
242
327
139
213
85
122
99
876
283
197
213
676
421
113
188
92
236
753
130
127
389
273
431
190
392
199
257
417
136
164
109
116
134
173
107
592
183
275
145
193
386
574
222
219
168
184
168
365
271
810
237
264
381
286
292
237
195
305
208
104
292
521
420
181
495
298
862
1217
359
203
227
307
705
177
116
527
655
534
257
554
425
177
449
448
142
264
158
258
866
500
301
492
446
366
471
194
266
516
150
357
262
402
243
290
166
278
227
424
557
595
96
305
116
352
173
236
589
477
430
342
256
108
163
89
173
185
338
257
184
186
200
402
251
211
334
230
153
239
95
426
332
222
361
255
217
431
333
204
226
334
510
246
254
280
648
297
233
266
828
163
502
344
96
301
901
172
436
124
446
207
690
202
115
165
716
124
204
280
194
146
246
134
464
264
158
192
158
134
162
114
119
276
261
150
158
172
105
138
354
277
145
112
232
326
159
165
193
320
299
363
117
349
137
175
158
315
185
196
145
127
311
166
121
163
257
301
90
221
100
266
235
221
231
690
179
148
216
180
125
125
179
190
350
165
135
80
373
197
142
177
314
201
260
187
133
353
94
136
459
242
244
399
275
356
365
214
722
271
288
303
209
302
320
242
245
214
184
301
112
161
185
158
141
157
229
927
630
182
104
113
186
297
188
370
180
355
313
276
477
398
190
241
171
246
236
146
208
249
200
196
240
138
191
157
225
218
372
358
897
164
170
209
216
569
335
215
127
144
122
236
280
163
157
216
303
807
150
180
262
147
244
130
297
250
137
198
579
113
149
134
164
88
189
178
932
207
242
123
575
283
106
254
248
171
164
288
296
204
210
95
135
155
227
261
217
308
205
172
161
265
199
185
155
131
557
175
302
182
184
194
118
168
255
181
105
105
419
199
129
190
250
163
171
335
113
284
266
132
192
623
255
458
448
169
399
206
191
471
122
289
251
114
442
973
417
187
178
90
172
123
519
433
223
181
304
207
166
314
356
165
327
236
185
142
238
611
298
781
95
443
236
393
607
329
293
330
219
468
261
338
327
427
184
541
331
319
269
371
400
547
440
155
733
236
334
594
273
141
342
288
196
138
209
259
212
129
285
237
242
429
221
320
612
429
497
187
241
499
156
595
187
123
747
163
147
440
174
358
733
361
177
452
358
330
193
718
480
843
392
286
268
212
522
237
294
226
160
643
205
240
638
383
314
236
236
168
484
567
335
298
297
216
236
307
314
443
310
165
291
269
830
627
191
462
205
825
219
306
284
131
567
98
284
525
204
530
149
305
191
224
404
498
374
252
208
131
312
147
192
307
253
211
463
117
117
177
267
394
376
273
493
343
417
196
231
696
699
613
300
246
380
281
457
530
389
377
285
457
248
234
128
86
340
403
351
227
81
307
92
431
524
170
204
260
574
183
816
154
589
244
250
496
290
388
348
218
194
320
246
479
361
586
264
243
747
263
209
234
185
588
196
424
452
223
103
277
198
588
181
651
416
653
160
611
177
443
237
119
299
606
332
295
576
844
260
270
1004
128
277
226
447
363
119
309
223
203
261
109
414
419
328
461
229
317
400
159
294
318
627
167
260
222
188
94
506
428
500
217
579
133
472
290
343
478
303
250
386
477
274
323
211
224
354
210
525
153
506
378
330
622
165
470
188
170
414
704
248
118
201
203
127
237
254
146
311
148
290
353
174
291
299
302
735
256
155
218
128
408
222
216
264
372
167
571
441
163
304
220
211
211
445
450
201
419
624
284
283
597
282
187
218
97
447
123
917
283
120
734
431
96
99
128
213
624
162
557
232
170
195
225
146
403
306
285
621
523
217
107
301
104
597
134
436
493
642
348
188
508
126
164
182
184
323
1203
276
400
810
288
512
108
498
243
323
260
305
126
179
164
257
138
194
92
257
317
207
498
145
223
142
536
525
236
209
289
124
335
483
222
306
119
210
133
633
279
166
337
262
160
95
440
228
272
1519
355
146
511
369
325
220
228
697
158
279
275
288
265
175
332
759
588
397
159
195
385
258
405
101
703
185
157
140
490
618
658
294
108
248
159
565
350
95
621
277
284
561
617
287
231
382
273
162
469
839
218
347
352
301
172
423
334
427
196
599
170
363
327
152
423
117
404
1492
485
167
230
117
219
360
260
456
234
233
327
303
150
108
480
224
246
236
367
113
340
239
178
291
207
272
193
225
146
295
190
320
409
286
387
498
516
305
923
517
128
122
122
335
115
546
327
466
196
351
293
477
136
526
84
132
224
441
189
106
245
551
276
276
960
138
125
730
333
463
147
186
182
437
264
492
399
284
989
315
164
127
462
705
259
204
252
213
261
267
205
213
459
177
260
463
100
262
190
241
240
240
301
880
392
345
356
280
631
647
309
329
525
323
423
125
380
139
283
235
174
151
243
175
222
121
225
332
260
110
212
238
361
172
136
235
252
381
262
180
290
113
129
743
115
407
397
483
423
144
150
455
138
387
288
119
127
140
149
174
229
120
143
279
146
287
255
205
273
108
138
174
143
501
157
448
152
155
575
586
270
466
218
183
233
135
240
319
338
125
183
301
484
140
340
557
184
297
122
341
493
818
187
368
226
208
125
221
402
144
215
122
136
261
118
259
130
106
202
910
149
124
805
163
198
465
294
251
203
129
189
713
350
171
170
110
90
143
212
205
181
306
228
154
183
640
175
263
204
124
805
261
247
167
343
630
255
286
348
197
212
204
242
173
677
188
474
187
145
347
563
731
214
319
548
359
177
323
134
280
217
340
234
169
228
245
471
103
482
200
225
605
190
195
203
203
311
131
180
487
355
504
243
399
492
255
455
201
336
320
306
300
299
185
294
269
275
358
278
158
199
243
189
301
172
185
265
652
460
272
429
411
258
416
290
283
390
181
172
428
379
199
478
459
272
286
432
450
333
329
307
222
257
452
247
290
409
137
172
253
187
211
255
583
191
235
458
178
215
235
477
625
215
557
251
403
248
276
148
518
200
144
388
179
249
240
151
635
115
232
202
311
110
247
198
270
618
124
167
258
362
299
185
374
313
507
431
290
163
181
316
151
391
603
254
130
230
329
496
159
481
699
445
256
287
319
208
269
333
345
196
374
604
207
340
500
271
271
191
304
332
167
407
208
249
491
594
125
573
409
337
308
293
122
416
347
264
494
174
124
145
215
283
233
176
652
153
139
105
189
118
406
268
98
132
466
270
138
255
159
270
618
86
132
672
297
187
113
194
151
225
236
222
221
259
1346
90
240
293
595
97
114
130
141
895
125
145
168
424
326
218
267
506
334
438
668
180
113
670
159
192
293
119
429
162
105
577
141
509
440
1536
224
193
96
616
173
188
309
163
139
276
285
275
174
200
98
718
98
805
259
216
157
665
252
124
163
179
177
158
252
271
255
261
501
249
172
250
442
420
208
110
189
305
229
256
513
186
149
158
333
139
296
287
310
274
459
283
140
170
519
388
489
238
312
190
170
335
444
253
425
340
186
131
208
221
404
175
697
313
278
291
297
340
422
198
359
394
233
291
178
218
334
350
277
840
236
359
201
257
177
457
459
344
466
349
353
135
295
341
751
127
189
222
238
128
301
244
321
360
229
261
339
505
87
358
309
165
677
201
236
197
114
170
216
204
385
299
331
381
191
191
133
135
229
374
431
538
168
205
218
150
240
192
357
535
200
220
150
263
714
202
151
531
379
183
150
240
269
278
392
331
216
257
151
224
552
284
330
392
632
331
177
176
228
216
431
180
410
208
241
326
282
206
324
387
301
177
222
314
368
192
248
135
606
157
201
305
313
597
336
306
432
186
277
249
224
190
237
135
284
198
239
170
292
382
99
130
183
378
330
185
315
464
163
174
402
423
96
257
269
149
436
733
505
338
276
226
247
226
305
198
577
358
201
411
296
213
314
291
872
246
181
462
249
225
312
102
377
119
600
161
377
388
282
308
832
194
194
360
130
376
274
310
345
1169
166
250
434
239
426
467
247
303
305
255
634
179
338
220
353
243
263
250
256
216
173
129
359
376
297
197
288
398
605
250
137
378
171
255
309
174
295
426
154
250
305
183
125
252
145
231
122
873
395
274
382
972
193
488
566
257
559
1218
183
222
407
227
381
547
205
221
810
1050
349
234
1965
304
269
459
377
320
282
707
178
466
119
179
560
308
502
472
988
207
172
270
215
149
419
201
252
169
920
194
256
206
237
168
307
167
384
222
514
112
199
405
188
129
429
225
277
152
120
364
247
321
215
234
201
393
285
94
171
220
289
320
396
300
307
271
358
336
515
277
164
237
272
264
151
829
337
290
79
215
467
215
129
146
216
226
250
805
245
216
213
215
297
117
202
254
216
107
203
138
363
138
355
291
406
234
140
170
484
379
301
248
435
338
397
81
184
147
249
213
368
582
304
155
175
178
251
603
798
645
245
304
202
281
349
383
165
92
155
160
137
228
484
528
497
274
326
313
226
201
390
740
351
134
282
299
363
317
336
280
460
126
1829
317
458
850
627
329
178
328
198
518
233
238
495
435
260
482
222
350
327
107
194
379
734
379
164
309
148
180
264
302
423
336
546
118
271
358
291
351
119
249
217
274
430
154
250
277
208
431
135
234
316
154
253
163
208
178
279
412
208
264
186
271
288
222
238
244
167
316
325
614
231
292
545
202
316
526
154
327
368
269
346
537
300
298
236
691
116
483
314
236
399
384
154
1962
186
402
290
271
513
241
419
408
292
292
258
173
336
240
1061
230
307
348
350
348
296
370
412
271
356
309
281
147
219
337
208
348
234
220
372
477
587
354
361
541
253
411
331
310
555
349
138
182
796
128
242
238
249
186
360
126
490
428
320
258
467
389
261
222
306
288
229
292
255
516
249
223
271
251
407
195
201
202
759
282
362
238
651
199
612
847
229
279
291
161
161
195
544
209
375
273
169
288
297
314
264
238
331
219
490
202
265
175
603
136
306
317
590
215
292
305
229
745
580
349
194
370
363
512
91
459
370
195
583
495
221
277
390
190
256
638
284
244
138
639
397
282
252
365
186
432
557
208
250
590
527
93
234
241
175
544
658
558
331
400
291
1220
709
425
228
285
142
324
267
265
230
286
194
427
137
447
237
360
741
186
234
175
182
212
191
158
577
141
286
268
174
185
253
102
291
501
509
312
546
224
521
524
321
370
540
340
278
334
668
185
108
334
535
422
853
339
144
486
308
435
319
524
177
373
289
127
298
308
337
345
136
306
217
167
458
104
218
342
311
96
153
157
214
457
172
226
1071
341
178
383
237
214
723
494
219
315
1685
575
429
251
208
720
466
293
301
336
177
93
184
163
1043
329
382
212
309
663
214
464
357
280
229
169
315
125
270
455
233
412
154
387
368
1407
128
431
488
263
216
264
546
530
415
359
159
390
514
136
201
253
145
754
273
75
295
206
213
374
253
648
314
892
181
439
245
800
279
405
370
224
615
278
259
347
462
304
149
411
178
203
330
151
501
242
128
248
331
582
523
399
394
408
253
450
269
317
554
441
605
253
169
182
298
677
374
292
524
642
158
178
159
830
149
247
197
247
383
250
807
321
501
280
404
579
298
537
113
221
441
253
329
748
212
370
1712
174
135
468
405
138
244
139
327
153
330
127
218
254
197
198
267
488
586
302
159
578
536
293
469
128
125
695
394
415
200
255
314
509
119
397
740
333
185
328
281
501
607
480
272
266
967
181
342
794
157
470
154
767
435
429
233
185
410
468
323
243
231
622
711
287
168
674
330
224
210
426
121
586
701
124
745
173
256
1013
473
143
352
348
120
123
484
443
170
465
93
158
585
388
277
567
151
342
671
530
219
441
479
290
234
184
397
531
233
187
230
211
152
728
486
439
410
629
135
553
146
275
542
263
202
636
119
155
325
129
463
154
162
233
530
238
186
222
220
164
616
417
156
513
135
614
237
493
262
168
446
249
297
167
668
579
142
283
205
181
226
132
172
364
411
450
427
270
325
243
190
533
356
260
137
139
465
188
749
204
142
394
329
408
93
275
367
238
192
536
255
281
338
334
124
380
180
226
404
424
171
190
200
279
229
161
224
214
503
206
498
188
207
308
328
156
188
181
477
85
444
238
112
368
248
223
112
257
255
405
245
241
352
226
238
162
228
72
470
456
336
177
271
167
223
242
252
203
235
136
255
151
256
210
354
238
219
294
143
667
561
120
158
123
151
277
208
284
86
184
179
124
204
353
211
374
100
409
281
225
323
212
388
195
178
318
212
387
446
210
378
247
142
289
183
207
614
431
219
160
766
187
165
126
222
115
211
335
255
324
766
143
299
146
261
373
528
539
257
478
580
231
555
140
239
204
223
171
236
228
341
256
232
296
238
621
152
95
219
152
284
353
125
266
139
110
235
199
360
319
180
1171
129
1093
511
913
230
267
232
138
936
493
215
319
315
349
78
178
229
157
175
259
209
199
258
137
727
234
663
355
412
637
135
270
576
1276
209
196
196
118
449
598
222
277
126
479
311
174
237
434
564
91
217
122
123
526
76
184
151
226
225
289
365
333
215
478
673
213
246
229
107
270
102
258
297
304
311
484
494
500
359
407
230
273
248
282
294
506
541
163
536
685
232
175
226
183
262
742
349
293
230
459
93
395
376
196
276
213
180
241
125
347
481
158
207
131
182
245
211
174
158
217
161
160
176
191
194
161
214
178
283
135
156
84
140
512
507
300
118
212
213
142
203
128
133
109
237
407
190
165
157
215
261
126
197
127
174
374
319
216
81
81
130
221
184
235
459
179
225
377
377
174
189
128
127
217
97
328
328
129
239
215
245
185
350
268
245
328
288
674
211
379
124
269
423
253
164
275
166
622
175
205
244
317
150
507
225
419
200
361
271
229
245
174
309
390
210
827
187
245
256
195
245
283
387
170
279
251
204
158
136
175
150
158
242
166
216
321
293
216
732
306
201
214
233
194
338
210
120
122
204
768
211
236
285
264
633
220
185
291
103
162
342
222
268
258
413
225
176
274
199
342
485
437
262
273
182
305
122
519
99
483
436
90
285
85
780
590
152
121
201
333
102
292
186
133
336
186
128
171
569
164
135
282
122
226
182
105
220
229
241
310
372
239
144
256
255
413
286
411
828
140
170
489
258
130
427
455
161
105
336
247
321
194
94
432
163
201
162
179
199
388
383
116
136
385
129
222
208
1549
431
242
336
157
218
285
218
279
129
194
238
252
254
401
218
284
117
409
240
205
259
296
209
377
127
143
223
190
280
146
290
280
208
234
127
203
351
158
238
166
198
211
549
240
229
481
268
191
230
256
215
159
661
221
138
110
153
314
323
166
118
558
464
363
224
167
129
123
142
188
533
345
122
93
151
170
438
404
97
134
193
169
212
156
145
191
105
94
116
315
416
145
186
106
197
141
210
210
385
233
148
459
188
179
153
144
227
88
201
160
113
193
113
177
151
176
184
193
131
161
399
157
151
170
201
77
155
515
463
149
174
177
128
138
517
279
230
155
197
208
131
236
113
213
216
220
198
178
513
203
212
129
160
88
276
239
243
157
287
237
225
192
259
198
109
343
155
174
229
296
201
179
359
679
218
243
171
228
237
189
321
242
163
135
159
105
498
233
315
180
669
85
706
136
200
220
213
228
167
270
146
341
115
238
200
163
195
199
134
157
353
212
245
176
608
323
276
269
176
128
512
383
326
207
246
165
163
470
186
164
261
162
252
105
154
174
194
293
138
553
426
364
563
461
408
217
355
471
305
413
151
218
316
184
554
168
272
252
613
249
472
288
636
310
281
745
572
124
237
211
573
253
475
589
273
288
424
147
134
276
92
224
585
186
290
864
79
147
431
332
534
224
565
112
380
542
217
268
417
347
208
378
347
230
282
238
395
122
141
583
212
222
213
392
176
626
209
95
171
259
232
125
204
206
320
351
488
868
157
295
305
203
439
201
356
176
308
249
272
276
381
200
119
292
179
335
227
245
291
203
353
106
299
420
469
236
579
255
674
220
241
191
515
333
463
459
176
672
287
319
93
398
281
147
179
384
170
142
205
443
85
246
191
146
236
196
303
362
270
321
361
329
225
180
217
550
429
268
399
158
195
342
391
446
290
151
209
212
311
172
219
259
207
267
462
734
224
191
150
660
260
141
236
128
171
201
255
487
439
260
375
326
171
233
192
767
201
472
256
228
256
163
316
338
325
356
341
169
202
314
322
558
188
262
99
129
261
314
239
82
104
280
152
390
197
201
228
207
251
310
211
502
282
242
427
344
388
266
224
226
606
453
280
316
219
405
202
266
182
333
578
183
278
308
189
542
351
308
351
578
251
404
279
270
362
582
426
862
217
242
418
349
177
354
224
426
209
438
204
139
130
186
151
222
304
394
138
185
691
252
282
247
218
125
835
143
252
244
543
244
264
517
947
293
361
296
255
666
593
359
153
521
530
116
151
277
255
297
475
168
268
160
178
154
251
394
586
339
130
928
222
298
174
163
287
98
214
404
151
262
263
172
308
251
346
195
159
182
183
487
106
165
131
177
127
109
360
175
221
430
125
193
364
215
140
215
311
440
226
312
354
98
675
340
254
396
442
636
476
310
437
432
355
339
201
262
281
428
219
292
213
242
281
212
244
277
430
112
274
197
140
427
808
261
250
256
162
315
323
351
237
484
197
291
392
253
498
206
404
343
270
390
441
162
425
157
195
398
133
192
126
137
808
195
213
343
178
357
190
231
186
311
296
264
416
299
282
164
475
214
198
256
328
259
322
647
470
353
234
232
400
236
227
305
200
153
305
333
354
286
663
542
330
378
1102
279
256
168
103
233
264
564
850
230
297
364
325
324
310
275
324
255
342
348
83
200
203
339
235
272
334
434
336
311
133
222
375
212
422
285
348
134
497
392
420
669
154
272
359
195
652
537
474
169
517
477
102
207
182
605
227
169
137
161
452
1345
161
184
1244
239
570
212
300
223
408
451
281
206
190
530
458
654
597
210
762
210
494
218
306
446
475
260
238
418
1612
359
315
125
382
259
545
259
165
291
180
141
466
146
264
273
355
235
213
373
95
533
1336
1100
1132
227
324
183
460
238
374
350
338
207
392
291
372
248
955
337
1100
760
141
287
254
3726
442
560
714
579
206
397
410
176
639
161
107
680
297
687
397
328
141
470
383
2489
215
84
187
89
1254
508
779
272
383
283
264
254
383
371
236
359
186
560
290
537
249
210
247
129
310
197
214
287
298
581
115
492
232
192
865
212
777
403
260
331
439
292
486
197
281
682
780
327
1100
337
658
618
135
162
196
309
680
230
293
106
353
181
216
430
228
255
562
353
345
401
240
227
201
136
166
364
352
178
490
316
487
228
332
236
213
121
546
137
208
390
111
260
351
335
1822
522
378
399
289
442
710
710
803
1111
522
455
242
284
246
244
370
181
213
385
300
335
311
285
120
251
222
238
314
803
350
538
151
384
147
282
312
237
289
269
615
307
240
175
417
543
208
335
397
243
256
160
180
273
154
230
230
366
428
277
378
165
1030
177
216
312
230
337
276
96
184
362
130
277
357
289
177
293
735
232
388
213
221
153
98
293
153
266
129
101
530
124
296
398
547
302
480
455
659
161
837
617
854
280
485
119
253
315
440
166
103
238
427
250
106
366
1753
250
662
256
221
198
370
188
314
334
1061
266
230
220
274
533
913
263
699
1282
529
477
181
628
286
197
199
155
220
157
321
1724
127
432
141
1017
187
613
224
171
215
428
263
481
291
198
243
522
249
252
441
237
218
645
226
256
168
314
229
182
107
209
191
258
179
414
197
159
284
258
206
516
236
237
311
335
236
295
490
265
475
358
594
136
235
318
448
318
201
649
218
176
172
296
400
351
288
312
216
488
452
241
208
504
175
475
141
238
166
412
118
435
358
187
257
340
139
119
237
342
149
163
271
236
206
341
288
209
441
281
215
364
361
149
964
165
254
135
146
298
192
572
251
343
246
204
145
85
192
128
332
902
215
262
254
189
775
258
102
403
461
286
383
393
476
356
364
388
567
853
223
425
220
460
263
508
303
190
355
397
524
446
475
434
645
279
445
360
459
341
614
324
627
463
228
214
492
598
433
237
521
295
384
554
100
302
449
325
255
300
228
348
327
387
244
338
473
179
188
177
167
503
400
197
398
250
233
285
238
563
268
140
489
319
359
171
367
363
415
270
255
395
290
485
159
206
513
177
335
513
905
349
266
266
330
399
321
364
187
451
201
735
240
277
208
322
182
436
166
337
109
562
344
102
162
483
316
278
241
291
162
357
374
537
169
454
286
339
216
165
290
559
208
247
74
242
243
200
309
276
226
422
630
344
268
553
366
347
347
344
268
218
563
555
216
189
224
319
258
435
257
463
243
201
236
438
186
219
477
208
325
209
240
212
387
198
262
451
768
262
248
430
388
676
195
208
220
460
543
141
101
646
552
251
344
128
198
359
209
218
201
191
273
222
247
296
323
388
629
365
150
1134
262
233
318
243
551
299
259
357
359
239
206
798
393
483
521
276
264
225
448
289
825
378
271
391
155
164
196
533
354
212
237
283
165
288
214
261
517
292
291
182
324
405
153
142
452
274
213
491
518
238
106
425
286
318
506
212
407
222
310
217
267
183
463
662
286
198
232
268
351
245
356
254
195
151
304
208
402
672
231
375
276
528
251
372
382
331
151
252
223
110
194
385
253
289
157
167
333
407
144
183
170
412
338
259
96
377
256
212
250
465
514
476
214
375
437
293
465
230
216
311
294
246
284
220
273
267
324
230
418
405
268
199
345
348
465
736
246
301
555
628
435
321
1212
340
197
244
150
137
203
166
363
274
254
153
437
324
211
380
242
393
297
172
227
210
312
373
1866
303
373
173
310
285
204
393
157
443
766
460
583
253
373
258
430
368
249
265
178
519
417
290
296
115
267
245
271
420
203
248
194
176
81
293
121
234
976
554
247
198
450
308
773
268
507
169
240
261
133
282
896
283
263
695
616
134
184
310
863
451
230
456
333
442
210
353
299
182
201
503
413
179
152
427
332
309
247
263
162
299
337
208
339
255
301
161
209
163
206
729
162
300
690
249
300
456
562
411
709
351
513
191
328
324
99
117
476
617
194
165
894
415
307
515
357
282
97
113
866
326
225
171
379
233
350
245
249
201
349
222
305
145
190
196
307
264
310
278
388
274
91
374
630
444
75
235
217
325
441
672
333
158
386
244
169
473
240
265
170
593
625
324
495
368
222
241
201
243
316
298
93
330
221
243
162
254
115
159
165
287
224
150
196
165
111
551
284
343
407
333
253
136
162
330
355
269
319
175
208
398
389
252
501
562
867
110
205
386
229
334
110
369
100
182
334
228
321
402
654
1677
170
142
320
491
240
154
218
236
404
775
387
464
97
216
332
478
163
228
656
448
260
245
135
771
237
334
351
273
269
342
602
1178
297
190
318
3405
165
574
192
316
320
487
317
450
428
264
265
377
350
429
288
428
223
361
217
1112
307
467
116
168
262
261
456
424
306
284
581
306
271
337
221
218
553
787
486
215
103
869
264
117
209
321
266
211
249
243
105
400
234
208
176
347
256
255
231
144
322
471
581
375
231
310
346
163
224
373
168
213
244
615
421
117
145
780
342
129
215
312
231
343
423
362
219
331
196
117
489
659
162
326
165
301
441
274
226
172
382
165
278
482
368
177
277
1445
256
449
301
218
1665
170
265
387
303
254
247
111
185
141
633
145
261
248
319
275
188
290
217
351
1013
409
347
514
290
121
214
157
351
642
566
317
328
205
876
494
866
521
493
219
315
110
405
286
796
425
755
301
252
680
562
451
249
118
171
220
450
293
402
290
216
157
400
516
151
138
173
282
191
493
177
203
610
202
236
251
176
761
229
116
229
3179
165
145
471
364
250
316
187
95
261
415
455
433
404
351
155
224
219
335
273
296
310
253
419
223
488
615
428
765
245
300
160
168
806
398
225
156
106
211
432
428
117
487
272
406
613
313
276
240
181
292
257
311
411
163
217
185
475
300
344
203
973
572
526
371
534
342
524
338
487
239
482
176
272
534
864
168
594
699
250
138
125
260
160
280
413
183
369
353
154
326
147
300
450
441
685
197
477
145
262
148
262
505
356
669
495
315
382
429
286
210
645
774
131
289
766
652
920
385
633
685
267
641
380
525
477
1293
283
160
211
100
125
198
304
321
430
351
899
190
392
524
413
236
480
192
407
683
396
398
201
715
208
309
627
182
344
413
169
228
663
290
205
298
302
393
258
525
684
365
332
134
350
231
313
119
675
137
286
658
683
247
134
432
299
454
278
199
119
249
162
185
314
185
217
342
460
471
401
429
386
256
395
309
335
657
242
863
240
298
253
263
264
305
451
550
386
349
130
277
337
283
286
339
105
333
416
179
240
166
165
170
669
304
433
562
457
360
3243
418
276
572
463
334
259
294
163
158
236
375
137
189
369
181
141
277
305
203
368
111
265
154
271
420
287
265
307
237
389
212
265
335
471
760
355
591
361
409
355
367
628
276
414
318
264
328
655
344
125
200
274
245
297
238
135
293
86
196
353
590
284
181
445
353
750
540
538
218
231
440
140
498
214
254
411
743
268
416
1007
293
315
206
385
520
508
288
782
441
288
695
873
161
153
140
438
307
121
189
264
846
666
864
924
221
251
322
150
151
257
295
153
215
230
362
161
948
299
200
297
199
76
237
240
313
272
223
243
673
153
344
205
507
292
254
248
386
174
251
189
235
345
283
89
133
267
179
246
428
107
163
1073
379
342
186
135
480
387
108
433
200
243
142
387
122
92
299
273
545
226
95
583
179
147
231
329
557
275
170
371
278
124
203
167
283
219
304
237
105
263
230
334
119
98
297
144
195
128
152
127
1115
379
199
553
244
832
609
407
464
1058
404
218
452
322
430
405
450
222
455
197
302
295
277
400
387
520
207
239
223
170
232
1706
237
437
154
176
194
230
117
142
195
265
458
381
106
99
288
172
481
514
454
372
374
240
511
186
224
199
133
261
193
211
389
312
346
172
207
287
145
249
362
163
146
211
94
459
163
311
214
196
215
226
171
206
117
445
208
234
285
87
249
319
322
215
625
267
165
169
519
170
225
211
252
210
510
301
458
372
233
438
199
273
312
158
392
172
189
202
328
287
331
243
161
579
199
646
228
440
477
425
210
269
324
295
311
252
305
376
211
397
328
162
215
364
269
197
304
273
180
155
374
166
217
275
507
635
180
574
482
474
424
291
151
192
156
229
177
422
313
170
344
303
183
366
312
485
258
94
202
168
191
283
232
211
196
178
326
566
171
384
257
710
187
614
388
404
356
210
505
239
258
495
200
196
282
312
115
291
260
339
208
201
236
169
167
196
184
327
170
228
475
209
260
166
193
173
253
308
293
264
290
232
237
268
442
375
375
213
417
374
255
225
253
386
208
155
216
333
904
251
178
196
268
288
235
167
417
354
225
175
296
322
285
463
208
366
152
326
190
239
164
499
1030
136
415
361
228
225
185
250
442
164
238
247
209
121
171
260
148
194
499
324
242
390
124
430
233
335
199
306
346
225
297
399
570
262
226
153
499
227
336
390
284
225
524
265
112
113
128
81
507
541
192
251
208
170
236
1030
121
323
381
156
492
419
333
218
161
104
227
315
256
183
254
223
136
1067
776
175
229
165
156
250
552
144
126
101
178
415
197
133
198
160
215
131
175
257
474
504
178
258
278
228
361
186
186
280
225
326
240
250
185
238
442
498
169
287
280
220
102
377
247
121
183
104
113
171
157
192
209
263
148
332
161
196
194
313
260
225
499
235
279
324
328
265
258
445
242
134
363
331
344
259
449
390
516
211
430
178
124
233
278
248
337
112
306
335
199
638
346
405
225
500
236
321
183
399
297
570
265
179
211
468
187
172
262
226
213
153
179
203
383
227
252
336
332
284
188
380
142
273
130
225
177
524
153
218
815
3657
265
179
112
113
128
404
81
507
250
251
541
192
170
208
330
474
170
236
277
323
200
121
225
149
420
394
361
316
381
156
2345
534
333
567
419
175
492
209
99
228
162
188
162
96
182
293
161
155
104
175
227
315
196
256
218
349
419
233
351
183
158
237
263
305
516
129
223
249
199
168
776
295
1067
254
229
156
202
250
159
111
165
258
145
175
124
253
205
552
201
91
180
126
501
279
148
191
977
178
144
110
197
421
101
138
189
133
160
122
151
198
144
143
224
149
190
248
131
215
130
182
175
344
281
114
257
474
102
159
225
153
371
178
504
278
216
258
325
351
212
186
783
280
186
230
250
240
168
325
479
179
326
498
710
153
169
287
212
150
377
288
145
220
104
187
102
280
157
184
113
183
160
158
207
343
192
221
161
332
365
454
266
502
313
196
267
263
319
678
264
180
225
245
309
362
269
279
108
235
328
258
200
840
626
328
265
310
297
272
195
275
134
514
299
363
344
567
348
129
546
331
445
338
357
223
449
483
340
516
742
259
126
399
111
211
178
419
218
200
163
147
278
248
112
178
216
154
337
638
323
294
401
500
193
275
236
179
160
138
254
172
236
183
233
333
321
211
158
251
174
167
179
268
187
468
172
265
305
239
202
332
179
176
298
213
203
213
385
165
202
379
154
212
282
357
252
189
115
332
446
142
182
603
207
188
235
130
234
177
202
153
175
331
178
273
83
259
432
177
145
815
218
171
193
212
384
229
311
372
435
245
450
132
210
146
179
170
306
164
404
211
250
259
165
330
3657
199
149
474
155
277
200
342
473
253
225
149
207
109
361
291
420
90
212
211
371
167
316
539
591
394
152
193
516
417
2345
534
130
372
567
395
158
175
209
136
201
99
249
127
336
244
605
154
285
118
275
228
188
162
201
184
124
162
252
258
276
183
211
254
96
447
263
382
182
155
255
641
116
171
250
143
293
193
668
196
109
223
184
119
240
234
502
144
206
419
349
221
215
233
422
351
491
263
336
158
209
237
588
226
308
273
305
369
516
129
249
229
458
199
147
239
436
168
142
153
295
202
175
513
314
307
572
178
159
199
111
292
175
274
205
395
145
129
258
103
124
205
253
84
198
111
173
201
531
105
180
501
344
583
281
279
88
509
148
191
86
107
261
160
221
977
283
238
110
421
234
418
230
112
350
360
180
197
138
149
116
192
189
494
367
122
633
114
151
195
224
143
288
144
147
326
248
124
138
130
190
223
167
281
149
343
344
182
279
114
108
239
343
342
217
159
250
102
144
127
213
149
284
197
566
393
156
178
225
153
200
304
239
371
132
326
216
378
155
172
162
152
323
188
325
369
215
351
295
212
91
649
230
355
165
259
168
361
513
219
446
250
132
783
325
240
255
359
179
179
1362
710
212
214
479
288
153
324
105
145
152
532
114
207
187
184
302
207
106
185
150
343
193
158
116
460
231
160
459
454
432
213
266
221
369
121
563
365
285
168
502
202
228
267
260
319
1099
240
143
208
186
678
181
327
382
349
264
202
187
118
169
282
180
245
309
362
243
383
362
357
181
220
108
198
200
269
840
626
249
284
350
653
1168
136
251
328
151
274
310
250
243
134
229
301
311
521
297
311
195
324
275
662
223
266
313
213
272
251
447
514
267
247
299
663
197
344
242
443
343
206
573
708
129
567
493
213
271
509
348
215
132
578
546
247
734
143
156
360
759
351
389
1345
483
338
189
671
143
126
419
399
715
806
111
218
429
207
393
200
176
163
218
183
147
391
183
195
207
334
197
216
237
625
259
178
150
154
334
193
354
294
167
